  .2570E+02 221.0  .6700E-05  .3400E-05  0.0  0
  .3000E+02 219.0  .6000E-05  .3400E-05  0.0  0
  .3500E+02 217.0  .5400E-05  .3200E-05  0.0  0
  .4090E+02 215.0  .5100E-05  .2800E-05  0.0  0
  .4800E+02 211.0  .6400E-05  .3000E-05  0.0  0
  .5650E+02 207.0  .4500E-05  .1900E-05  0.0  0
  .6660E+02 203.0  .4300E-05  .1200E-05  0.0  0
  .7890E+02 199.0  .3600E-05  .6500E-06  0.0  0
  .9370E+02 195.0  .3300E-05  .4100E-06  0.0  0
  .1110E+03 197.0  .3200E-05  .2400E-06  0.0  0
  .1320E+03 204.0  .3400E-05  .2100E-06  0.0  0
  .1560E+03 210.0  .3900E-05  .1700E-06  0.0  0
  .1820E+03 217.0  .6100E-05  .1500E-06  0.0  0
  .2130E+03 224.0  .1800E-04  .1300E-06  0.0  0
  .2470E+03 230.0  .4500E-04  .1100E-06  0.0  0
  .2860E+03 237.0  .1200E-03  .9300E-07  0.0  0
  .3290E+03 244.0  .2500E-03  .8300E-07  0.0  0
  .3730E+03 250.0  .4800E-03  .7400E-07  0.0  0
  .4320E+03 257.0  .8000E-03  .7000E-07  0.0  0
  .4920E+03 264.0  .1300E-02  .6600E-07  0.1  1
  .5590E+03 270.0  .2100E-02  .6300E-07  0.1  1 
  .6407E+03 272.6  .3470E-02  .5900E-07  0.1  1
  .6672E+03 276.0  .3939E-02  .5900E-07  0.1  1
  .6936E+03 279.4  .4308E-02  .5800E-07  0.1  1
  .7199E+03 282.4  .4699E-02  .5800E-07  0.1  1
  .7768E+03 288.9  .6182E-02  .5600E-07  0.4  1
  .8072E+03 292.0  .6749E-02  .5600E-07  0.2  2.0
  .8366E+03 294.5  .7221E-02  .5600E-07  0.2  2.0
  .8696E+03 297.4  .7856E-02  .5400E-07  0.3  2.0
  .9827E+03 302.7  .8965E-02  .5300E-07  0.3  2.0
  .1013E+04 308.0  .9000E-02  .4800E-07  0.0  2.0
